image_width: 1600
image_height: 1200
camera_name: 15631925
camera_matrix:
  rows: 3
  cols: 3
  data: [804.2052625032942, 0, 762.9046626698587, 0, 803.0670194831474, 583.966453510607, 0, 0, 1]
distortion_model: plumb_bob
distortion_coefficients:
  rows: 1
  cols: 5
  data: [-0.022359469040921, 0.01488676662113745, -0.001101928737624558, 0.001090199534364691, 0]
rectification_matrix:
  rows: 3
  cols: 3
  data: [1, 0, 0, 0, 1, 0, 0, 0, 1]
projection_matrix:
  rows: 3
  cols: 4
  data: [805.9902954101562, 0, 767.3224275824577, 0, 0, 807.1195068359375, 582.0893359293186, 0, 0, 0, 1, 0]